-------------------------------------------------------------
#100 runs, noise_levl=0.1, lambda/alpha = 0.00001, C1 = degree, C2 = R2

scikit
2 0.71
3 0.81
4 0.86
5 0.88
manually
2 0.71
3 0.81
4 0.86
5 0.88
ridge
2 0.71
3 0.80
4 0.81
5 0.81
lasso
2 0.71
3 0.81
4 0.86
5 0.88

-------------------------------------------------------------
##100 runs, noise_levl=0.1, lambda/alpha = 0.00001, C1 = degree, C2 = MSE
scikit
2 0.01353
3 0.00916
4 0.00712
5 0.00585
manually
2 0.01353
3 0.00916
4 0.00712
5 0.00585
ridge
2 0.01353
3 0.00968
4 0.00928
5 0.00902
lasso
2 0.01353
3 0.00916
4 0.00712
5 0.00585


-------------------------------------------------------------
##100 runs, noise_levl=0.1, degree = 5, C1 = lambda/alpha C2 = MSE
scikit
0.0000001 0.00587
0.0000100 0.00605
0.0010000 0.00592
0.1000000 0.00608
1.0000000 0.00613
2.0000000 0.00586
5.0000000 0.00601
10.0000000 0.00591
manually
0.0000001 0.00587
0.0000100 0.00605
0.0010000 0.00592
0.1000000 0.00608
1.0000000 0.00613
2.0000000 0.00586
5.0000000 0.00601
10.0000000 0.00591
ridge
0.0000001 0.00894
0.0000100 0.00932
0.0010000 0.01237
0.1000000 0.05933
1.0000000 0.13474
2.0000000 0.14025
5.0000000 0.13813
10.0000000 0.13576
lasso
0.0000001 0.00587
0.0000100 0.00605
0.0010000 0.00612
0.1000000 0.00780
1.0000000 0.00954
2.0000000 0.00956
5.0000000 0.01041
10.0000000 0.01100


-------------------------------------------------------------
##100 runs, noise_levl=0.1, degree = 5, C1 = lambda/alpha C2 = R2

scikit
0.0000001 0.87497
0.0000100 0.87517
0.0010000 0.87723
0.1000000 0.87242
1.0000000 0.87708
2.0000000 0.87833
5.0000000 0.87572
10.0000000 0.87528
manually
0.0000001 0.87497
0.0000100 0.87517
0.0010000 0.87723
0.1000000 0.87242
1.0000000 0.87708
2.0000000 0.87833
5.0000000 0.87572
10.0000000 0.87528
ridge
0.0000001 0.81150
0.0000100 0.80979
0.0010000 0.74059
0.1000000 -0.20901
1.0000000 -1.85170
2.0000000 -1.83823
5.0000000 -1.79681
10.0000000 -1.81950
lasso
0.0000001 0.87497
0.0000100 0.87517
0.0010000 0.87350
0.1000000 0.83831
1.0000000 0.80694
2.0000000 0.80072
5.0000000 0.78651
10.0000000 0.76854

-------------------------------------------------------------
#VAR MANUALLY
x= 0 y= 0
x= 0 y= 1
x= 0 y= 2
x= 0 y= 3
x= 0 y= 4
x= 0 y= 5
x= 1 y= 0
x= 1 y= 1
x= 1 y= 2
x= 1 y= 3
x= 1 y= 4
x= 2 y= 0
x= 2 y= 1
x= 2 y= 2
x= 2 y= 3
x= 3 y= 0
x= 3 y= 1
x= 3 y= 2
x= 4 y= 0
x= 4 y= 1
x= 5 y= 0
0.001 0.108 2.224 10.331 10.653 1.574 0.085 1.233 5.181 5.565 1.057 1.739 5.077 4.899 1.008 7.980 5.399 1.027 8.221 1.028 1.232